1435
2769
3749
6968
8651
8736
9617
9770
11432
11669
12434
12800
13270
13383
14539
14792
15094
15125
15398
15603
15683
15894
16329
16355
16800
17382
17660
17827
18099
18610
19117
19155
19314
19594
19796
19859
19923
20239
20240
20669
20729
20931
20979
21297
21407
22306
22571
23024
23537
23894
24172
24379
24443
25101
25201
25378
25667
25682
25726
25778
25779
25859
25860
26113
26120
26304
26307
26319
26610
26936
27118
27401
27464
27487
27529
27542
27698
27714
27746
27968
28155
28471
28507
28626
28669
29586
29595
29772
30062
30580
30670
30799
30834
31062
31204
31454
31669
31965
32112
32239
32387
32458
32660
32829
32860
32914
32943
32981
33045
33067
33076
33162
33195
33303
33336
33441
33476
33478
33534
33572
33669
33715
33757
33762
33781
33794
33895
33914
33938
34011
34015
34026
34027
34133
34164
34269
34276
34385
34394
34394
34410
34466
34486
34556
34609
34631
34683
34698
34730
34762
34806
34820
34822
34837
34862
34870
34872
34886
34905
34948
34962
34994
34996
35012
35068
35114
35128
35147
35181
35186
35194
35233
35361
35383
35389
35396
35397
35413
35423
35429
35472
35483
35493
35528
35535
35535
35539
35541
35562
35622
35675
35693
35700
35718
35748
35757
35764
35772
35898
35923
35962
35972
36079
36148
36161
36208
36217
36219
36229
36239
36241
36272
36290
36301
36323
36344
36348
36349
36350
36369
36396
36399
36431
36446
36457
36475
36540
36545
36561
36577
36579
36602
36604
36615
36623
36645
36672
36681
36707
36718
36743
36751
36759
36759
36761
36761
36766
36770
36789
36793
36796
36801
36811
36857
36871
36885
36928
36931
36934
36985
37025
37034
37040
37047
37066
37066
37070
37074
37075
37082
37132
37149
37160
37164
37173
37198
37222
37238
37274
37308
37341
37356
37404
37425
37428
37433
37446
37448
37449
37451
37460
37462
37486
37487
37488
37506
37550
37568
37580
37621
37624
37651
37663
37689
37690
37708
37726
37740
37741
37751
37762
37776
37789
37801
37817
37859
37867
37867
37891
37914
37919
37933
37937
37944
37953
37957
37960
37986
37987
37993
37993
38055
38058
38061
38095
38097
38099
38109
38122
38156
38177
38182
38183
38186
38190
38275
38308
38327
38334
38347
38418
38421
38437
38439
38440
38448
38449
38457
38464
38516
38551
38571
38612
38615
38627
38628
38637
38641
38677
38695
38725
38734
38753
38753
38762
38783
38794
38837
38878
38888
38890
38895
38915
38924
38924
38925
38932
38936
38957
38961
38965
38969
38975
38987
38989
38997
39005
39015
39052
39080
39084
39092
39101
39103
39121
39124
39127
39127
39143
39152
39159
39167
39181
39185
39255
39282
39298
39303
39311
39321
39325
39365
39367
39376
39391
39407
39426
39436
39444
39445
39460
39479
39505
39508
39514
39535
39537
39563
39577
39597
39601
39605
39605
39608
39620
39621
39621
39631
39636
39637
39643
39657
39669
39672
39681
39684
39713
39748
39751
39779
39784
39789
39791
39793
39798
39812
39820
39845
39897
39904
39941
39950
39969
39993
39995
39996
40009
40020
40040
40047
40072
40091
40112
40136
40146
40170
40174
40180
40186
40189
40205
40209
40219
40224
40235
40262
40278
40281
40303
40306
40315
40320
40325
40333
40346
40354
40359
40407
40409
40419
40422
40424
40428
40435
40438
40444
40472
40479
40481
40503
40513
40516
40518
40526
40542
40555
40567
40580
40587
40591
40592
40602
40621
40637
40651
40657
40661
40677
40695
40697
40738
40743
40751
40756
40762
40776
40778
40791
40821
40832
40838
40852
40854
40862
40866
40874
40879
40880
40881
40888
40907
40908
40922
40924
40924
40927
40938
40948
40957
40966
40969
40982
40985
40986
40987
40990
41022
41039
41045
41051
41053
41056
41060
41061
41064
41080
41094
41130
41130
41136
41144
41157
41162
41173
41180
41188
41199
41203
41209
41217
41225
41230
41240
41246
41246
41255
41255
41257
41266
41273
41290
41297
41304
41306
41306
41317
41318
41319
41331
41339
41341
41344
41367
41399
41412
41413
41433
41434
41445
41453
41455
41477
41488
41492
41500
41516
41521
41527
41530
41552
41554
41554
41611
41623
41657
41677
41682
41683
41689
41689
41693
41695
41696
41699
41708
41713
41714
41719
41738
41742
41768
41775
41775
41791
41794
41830
41838
41839
41854
41862
41863
41871
41878
41882
41886
41887
41911
41912
41914
41933
41941
41954
41978
42005
42013
42018
42040
42050
42052
42053
42074
42096
42104
42108
42145
42147
42149
42150
42156
42176
42194
42198
42203
42211
42219
42221
42222
42228
42235
42236
42240
42244
42258
42260
42260
42277
42280
42284
42303
42303
42315
42318
42319
42330
42340
42343
42350
42355
42369
42373
42378
42395
42396
42404
42418
42423
42434
42441
42450
42467
42486
42489
42501
42503
42507
42520
42538
42538
42544
42553
42558
42559
42565
42568
42578
42580
42598
42613
42625
42633
42657
42658
42661
42671
42698
42715
42720
42731
42756
42788
42806
42843
42845
42851
42877
42903
42936
42942
42962
42967
42980
43010
43011
43023
43032
43033
43038
43044
43064
43094
43097
43151
43154
43158
43171
43191
43203
43205
43213
43238
43256
43257
43261
43262
43275
43278
43280
43282
43290
43294
43310
43328
43333
43345
43364
43379
43400
43423
43424
43449
43462
43465
43499
43506
43521
43528
43529
43532
43547
43547
43553
43565
43569
43578
43591
43592
43592
43593
43594
43603
43619
43620
43647
43654
43655
43676
43690
43702
43730
43739
43752
43771
43795
43816
43835
43837
43850
43861
43897
43911
43952
43955
43967
43981
44002
44002
44005
44021
44025
44048
44052
44059
44075
44078
44092
44132
44132
44133
44166
44171
44202
44205
44230
44240
44246
44256
44263
44271
44271
44287
44290
44302
44319
44332
44345
44347
44352
44356
44376
44386
44397
44411
44417
44433
44474
44486
44494
44498
44508
44547
44550
44568
44577
44587
44599
44613
44630
44633
44643
44650
44650
44651
44653
44666
44679
44687
44696
44697
44701
44704
44719
44723
44744
44755
44773
44782
44782
44834
44845
44848
44865
44889
44893
44900
44910
44918
44919
44921
44928
44930
44931
44947
44960
44962
44979
44981
44983
44989
45012
45029
45037
45046
45052
45054
45067
45068
45081
45100
45107
45116
45118
45121
45128
45150
45162
45167
45196
45220
45232
45250
45256
45256
45276
45298
45311
45376
45377
45384
45422
45435
45444
45474
45477
45481
45493
45519
45525
45527
45553
45555
45565
45593
45596
45611
45647
45663
45678
45690
45691
45703
45704
45707
45718
45718
45718
45722
45729
45738
45758
45774
45779
45806
45836
45841
45876
45886
45922
45925
45945
45983
46018
46020
46035
46054
46075
46089
46106
46110
46130
46135
46143
46159
46171
46185
46194
46197
46204
46219
46220
46227
46229
46237
46252
46274
46353
46375
46435
46438
46452
46453
46494
46495
46504
46529
46578
46582
46630
46666
46669
46728
46729
46734
46735
46735
46736
46740
46771
46795
46860
46874
46876
46963
47020
47051
47061
47070
47076
47078
47084
47105
47128
47148
47149
47161
47204
47280
47283
47287
47333
47366
47380
47411
47413
47429
47444
47447
47464
47517
47517
47524
47536
47555
47574
47621
47661
47664
47686
47722
47752
47770
47812
47824
47841
47856
47880
47900
47916
47929
47946
47998
48053
48080
48108
48119
48119
48145
48153
48231
48269
48276
48299
48309
48373
48439
48526
48576
48597
48604
48654
48672
48703
48727
48732
48762
48818
48836
48855
48898
48898
48903
48975
48987
49001
49021
49031
49038
49144
49166
49172
49191
49216
49277
49277
49303
49371
49422
49425
49465
49559
49591
49627
49672
49673
49705
49825
49869
49876
49943
49984
50005
50007
50061
50072
50127
50149
50206
50233
50321
50331
50333
50532
50588
50618
50658
50668
50686
50792
50811
50856
50873
50915
50917
51043
51130
51132
51184
51523
51529
51532
51569
51601
51623
51675
51679
51747
51748
52114
52134
52708
53198
53389
53652
53905
54077
54170
54266
54542
54694
54930
55143
55214
55271
55390
55405
55412
55522
55566
55702
55766
55878
55954
55999
56329
56335
56377
56424
56709
56711
56814
56898
56957
57111
57200
57204
57312
57312
57360
57512
57558
57643
57869
57929
58047
58076
58179
58245
58257
58427
58556
58730
58775
58790
58947
58964
58975
58988
59063
59137
59178
59242
59303
59415
59425
59477
59491
59523
59541
59557
59629
59642
59711
59813
59890
59954
60118
60180
60277
60324
60470
60479
60540
60620
60718
61015
61048
61172
61220
61236
61242
61289
61416
61440
61489
61504
61531
61572
61619
61630
61769
61819
61828
61890
62003
62086
62219
62225
62263
62449
62470
62672
62714
62719
62746
62795
62882
63121
63135
63153
63259
63273
63285
63350
63376
63388
63406
63432
63460
63558
63559
63620
63637
63639
63648
63671
63685
63734
63739
63824
63862
63911
63917
63989
63996
63998
64012
64014
64065
64075
64090
64100
64117
64143
64145
64219
64238
64272
64340
64348
64373
64381
64520
64616
64642
64713
64739
64755
64761
64854
64870
64872
64901
64979
65029
65068
65112
65127
65153
65216
65225
65232
65241
65273
65277
65283
65326
65354
65364
65422
65501
65581
65584
65586
65686
65828
65833
65977
65990
66011
66016
66024
66025
66036
66093
66212
66259
66294
66352
66384
66395
66427
66433
66470
66471
66508
66539
66644
66720
66828
66874
66988
66993
67046
67054
67068
67117
67118
67127
67158
67187
67220
67308
67309
67329
67481
67520
67520
67523
67525
67548
67549
67566
67635
67650
67661
67743
67839
67869
67886
67895
68039
68080
68095
68177
68179
68282
68290
68308
68308
68315
68349
68366
68397
68451
68452
68496
68542
68563
68568
68600
68647
68695
68747
68853
68866
68877
68936
69006
69021
69222
69238
69278
69285
69311
69311
69322
69400
69432
69436
69445
69470
69503
69571
69701
69710
69748
69769
69771
69772
69782
69811
69849
69852
69860
69916
69984
69985
70009
70009
70055
70081
70238
70255
70404
70440
70548
70569
70577
70588
70609
70699
70878
70947
71022
71059
71145
71169
71228
71233
71337
71453
71529
71672
71692
71723
71785
71824
71886
71922
72090
72122
72127
72180
72199
72233
72236
72276
72395
72413
72474
72649
72757
72767
72784
72828
72833
72839
72876
72887
72887
72928
72929
72990
73189
73255
73390
73511
73553
73586
73587
73639
73699
73803
73829
73850
73900
73916
73942
73970
73980
74021
74208
74216
74246
74294
74305
74346
74347
74609
74697
74707
74725
74773
74809
74874
74878
75073
75214
75345
75356
75396
75397
75412
75495
75555
75641
75834
75931
75944
75956
76013
76138
76154
76164
76166
76169
76217
76377
76393
76436
76490
76563
76576
76583
76674
76812
76826
76927
77240
77290
77324
77326
77376
77503
77530
77539
77785
77797
77878
77919
77953
78122
78151
78297
78323
78413
78416
78444
78495
78496
78586
78669
79053
79192
79296
79470
79494
80047
80092
80361
81180
81201
81214
81242
81269
81412
81585
81619
81663
81915
81957
82003
82005
82138
82166
82194
82543
82777
82843
83074
83274
83295
83553
83773
83845
83895
83970
84037
84407
84425
84452
